
7041
14309
66434
5741
108250
15256
19886
59008
2733
63167
14466
6368
11640
65290
64
13414
16886
7128
90107
3535
66000
73315
11206
16292
25585
113424
69502
621
81697
9220
62527
64911
44422
8895
109260
80414
55946
5400
68589
1947
107946
21768
7949
9947
1723
12464
25706
109954
25922
95555
23279
6683
7341
48115
106112
18950
53337
70657
66969
9492
52579
6306
90245
9604
72217
64159
70398
91927
18051
7270
11178
71169
109259
109258
109257
109255
5555
71773
64888
67936
95684
15610
87383
65749
5764
29669
11557
110480
110481
6787
30234
16909
57007
84558
22432
9316
3860
13780
54376
1901
102005
86206
44672
158
111917
65931
27097
50426
50465
6169
63363
72160
95031
64445
5048
5818
79755
105898
36345
11231
1960
105512
57801
57802
26893
5754
5759
21041
6613
61721
38099
6793
44249
21283
16933
93496
64924
64926
64921
64922
936
55522
60234
87614
530
53312
7026
66457
40340
4480
16052
20743
47042
106732
40548
45410
5396
52082
42510
74738
42835
8266
67863
18075
