[array([ 2.04769284,  0.        ,  0.        ,  0.        ,  0.        ,
        0.        ,  0.        ,  1.82454929,  0.        ,  0.        ,
        0.        ,  0.        ,  0.        ,  2.04769284,  0.        ,
        2.04769284,  0.        ,  0.        ,  0.        ,  0.        ,
        2.04769284,  3.95413345,  0.        ,  0.        ,  0.        ,
        0.        ,  0.        ,  0.36421523,  0.        ,  0.        ,
        0.        ,  0.        ,  0.        ,  0.        ,  0.        ,
        0.        ,  1.64222774,  0.        ,  0.        ,  0.        ,
        1.48807706,  0.        ,  2.47656678,  2.04769284,  0.        ,
        5.57289199,  0.        ,  0.32966737,  0.        ,  0.        ]), array([ 0.        ,  0.        ,  0.        ,  0.        ,  0.        ,
        0.        ,  0.        ,  0.        ,  0.        ,  0.        ,
        0.        ,  0.66139848,  0.        ,  0.        ,  0.        ,
        0.        ,  0.        ,  0.        ,  0.        ,  0.        ,
        0.        ,  0.        ,  0.        ,  0.        ,  0.        ,
        2.33537492,  0.        ,  0.21511138,  0.        ,  0.        ,
        0.        ,  0.        ,  0.        ,  0.        ,  0.        ,
        0.        ,  0.        ,  0.        ,  0.        ,  0.        ,
        0.        ,  0.        ,  0.        ,  0.        ,  0.        ,
        0.        ,  0.        ,  0.13815034,  0.        ,  0.        ]), array([ 0.        ,  0.        ,  2.33537492,  0.        ,  0.        ,
        0.        ,  0.        ,  1.82454929,  1.64222774,  0.        ,
        0.        ,  1.38801898,  0.        ,  0.        ,  2.04769284,
        0.        ,  1.82454929,  0.        ,  0.        ,  0.        ,
        0.        ,  0.        ,  0.        ,  0.        ,  0.        ,
        0.        ,  1.82454929,  0.45143538,  0.        ,  0.        ,
        0.        ,  0.        ,  2.33537492,  2.33537492,  0.        ,
        2.33537492,  1.64222774,  0.        ,  0.        ,  0.        ,
        0.        ,  0.        ,  0.94908055,  0.        ,  0.        ,
        0.        ,  0.        ,  0.13815034,  2.33537492,  1.82454929]), array([ 4.29731336,  2.04769284,  2.33537492,  0.        ,  0.        ,
        2.33537492,  2.33537492,  3.08923049,  0.        ,  0.        ,
        0.        ,  1.11984498,  0.        ,  0.        ,  0.        ,
        0.        ,  1.82454929,  0.        ,  2.33537492,  0.        ,
        0.        ,  3.95413345,  0.        ,  0.        ,  0.        ,
        0.        ,  3.08923049,  0.45143538,  0.        ,  0.        ,
        0.        ,  0.        ,  3.95413345,  2.33537492,  0.        ,
        2.33537492,  1.64222774,  0.        ,  0.        ,  0.        ,
        0.        ,  2.33537492,  1.60693307,  0.        ,  0.        ,
        0.        ,  0.        ,  0.289924  ,  2.33537492,  0.        ]), array([ 0.        ,  0.        ,  0.        ,  0.        ,  3.95413345,
        0.        ,  0.        ,  0.        ,  0.        ,  3.95413345,
        0.        ,  0.        ,  2.33537492,  0.        ,  0.        ,
        0.        ,  0.        ,  0.        ,  0.        ,  0.        ,
        0.        ,  0.        ,  0.        ,  0.        ,  0.        ,
        0.        ,  0.        ,  0.36421523,  0.        ,  0.        ,
        0.        ,  4.9010465 ,  0.        ,  0.        ,  4.29731336,
        0.        ,  0.        ,  0.        ,  2.33537492,  0.        ,
        0.        ,  0.        ,  0.94908055,  0.        ,  0.        ,
        0.        ,  0.        ,  0.13815034,  0.        ,  0.        ]), array([ 0.        ,  0.        ,  0.        ,  0.        ,  3.95413345,
        0.        ,  0.        ,  0.        ,  0.        ,  2.33537492,
        0.        ,  0.        ,  0.        ,  0.        ,  0.        ,
        0.        ,  0.        ,  0.        ,  0.        ,  0.        ,
        0.        ,  0.        ,  2.33537492,  0.        ,  0.        ,
        0.        ,  0.        ,  0.36421523,  0.        ,  0.        ,
        0.        ,  4.9010465 ,  0.        ,  0.        ,  3.46704536,
        0.        ,  0.        ,  0.        ,  2.33537492,  0.        ,
        0.        ,  0.        ,  0.        ,  0.        ,  0.        ,
        0.        ,  0.        ,  0.289924  ,  0.        ,  0.        ]), array([ 0.        ,  0.        ,  0.        ,  0.        ,  0.        ,
        0.        ,  0.        ,  0.        ,  0.        ,  0.        ,
        0.        ,  1.11984498,  0.        ,  0.        ,  0.        ,
        0.        ,  0.        ,  0.        ,  0.        ,  0.        ,
        0.        ,  0.        ,  0.        ,  0.        ,  0.        ,
        0.        ,  0.        ,  0.        ,  0.        ,  0.        ,
        0.        ,  0.        ,  0.        ,  0.        ,  0.        ,
        0.        ,  0.        ,  0.        ,  0.        ,  0.        ,
        0.        ,  0.        ,  0.        ,  0.        ,  0.        ,
        0.        ,  0.        ,  0.289924  ,  0.        ,  0.        ]), array([ 0.        ,  0.        ,  0.        ,  1.82454929,  0.        ,
        0.        ,  0.        ,  0.        ,  0.        ,  0.        ,
        0.        ,  0.        ,  0.        ,  0.        ,  0.        ,
        0.        ,  0.        ,  0.        ,  0.        ,  0.        ,
        0.        ,  0.        ,  0.        ,  2.33537492,  0.        ,
        0.        ,  0.        ,  0.36421523,  0.        ,  0.        ,
        0.        ,  0.        ,  0.        ,  0.        ,  0.        ,
        0.        ,  0.        ,  0.        ,  0.        ,  3.46704536,
        1.48807706,  0.        ,  0.        ,  0.        ,  0.        ,
        0.        ,  0.        ,  0.23390886,  0.        ,  0.        ]), array([ 0.        ,  0.        ,  0.        ,  0.        ,  0.        ,
        2.33537492,  0.        ,  0.        ,  0.        ,  0.        ,
        0.        ,  0.        ,  0.        ,  0.        ,  0.        ,
        0.        ,  0.        ,  0.        ,  0.        ,  0.        ,
        0.        ,  0.        ,  0.        ,  0.        ,  0.        ,
        0.        ,  0.        ,  0.        ,  3.95413345,  0.        ,
        0.        ,  0.        ,  0.        ,  0.        ,  0.        ,
        0.        ,  0.        ,  0.        ,  0.        ,  0.        ,
        0.        ,  0.        ,  0.        ,  0.        ,  0.        ,
        0.        ,  0.        ,  0.        ,  0.        ,  0.        ]), array([ 0.        ,  0.        ,  0.        ,  0.        ,  0.        ,
        0.        ,  0.        ,  0.        ,  0.        ,  0.        ,
        0.        ,  1.84646548,  0.        ,  0.        ,  0.        ,
        0.        ,  0.        ,  3.95413345,  0.        ,  2.33537492,
        0.        ,  0.        ,  0.        ,  0.        ,  0.        ,
        0.        ,  0.        ,  0.56131979,  0.        ,  0.        ,
        0.        ,  0.        ,  0.        ,  0.        ,  0.        ,
        0.        ,  0.        ,  0.        ,  0.        ,  0.        ,
        0.        ,  0.        ,  1.99175212,  2.04769284,  0.        ,
        0.        ,  0.        ,  0.40697848,  0.        ,  0.        ]), array([ 0.        ,  0.        ,  0.        ,  3.08923049,  0.        ,
        0.        ,  0.        ,  0.        ,  0.        ,  0.        ,
        0.        ,  1.38801898,  0.        ,  2.04769284,  0.        ,
        0.        ,  0.        ,  2.33537492,  0.        ,  6.09401585,
        0.        ,  0.        ,  0.        ,  0.        ,  0.        ,
        3.95413345,  0.        ,  0.36421523,  0.        ,  0.        ,
        0.        ,  0.        ,  0.        ,  0.        ,  0.        ,
        0.        ,  0.        ,  0.        ,  0.        ,  0.        ,
        0.        ,  0.        ,  0.        ,  2.04769284,  0.        ,
        0.        ,  0.        ,  0.44169766,  0.        ,  0.        ]), array([ 0.        ,  0.        ,  0.        ,  0.        ,  0.        ,
        0.        ,  0.        ,  0.        ,  0.        ,  0.        ,
        0.        ,  0.66139848,  0.        ,  0.        ,  0.        ,
        0.        ,  0.        ,  0.        ,  0.        ,  0.        ,
        2.04769284,  0.        ,  0.        ,  0.        ,  0.        ,
        0.        ,  0.        ,  0.        ,  0.        ,  4.9010465 ,
        0.        ,  0.        ,  0.        ,  0.        ,  0.        ,
        0.        ,  0.        ,  0.        ,  0.        ,  0.        ,
        1.48807706,  0.        ,  0.        ,  0.        ,  0.        ,
        0.        ,  0.        ,  0.        ,  0.        ,  0.        ]), array([ 0.        ,  0.        ,  0.        ,  0.        ,  0.        ,
        0.        ,  0.        ,  0.        ,  0.        ,  0.        ,
        0.        ,  1.11984498,  0.        ,  0.        ,  0.        ,
        0.        ,  0.        ,  0.        ,  0.        ,  0.        ,
        0.        ,  0.        ,  0.        ,  0.        ,  0.        ,
        0.        ,  0.        ,  0.36421523,  0.        ,  0.        ,
        0.        ,  0.        ,  0.        ,  0.        ,  0.        ,
        0.        ,  0.        ,  0.        ,  0.        ,  0.        ,
        0.        ,  0.        ,  0.        ,  0.        ,  0.        ,
        0.        ,  0.        ,  0.23390886,  0.        ,  0.        ]), array([ 0.        ,  0.        ,  0.        ,  0.        ,  0.        ,
        0.        ,  0.        ,  0.        ,  0.        ,  0.        ,
        0.        ,  1.72587827,  0.        ,  0.        ,  0.        ,
        0.        ,  0.        ,  0.        ,  0.        ,  0.        ,
        0.        ,  0.        ,  0.        ,  0.        ,  0.        ,
        0.        ,  0.        ,  0.21511138,  0.        ,  0.        ,
        0.        ,  0.        ,  0.        ,  0.        ,  0.        ,
        0.        ,  0.        ,  0.        ,  0.        ,  0.        ,
        0.        ,  2.33537492,  0.94908055,  0.        ,  0.        ,
        0.        ,  0.        ,  0.36049473,  0.        ,  0.        ]), array([ 0.        ,  0.        ,  0.        ,  0.        ,  0.        ,
        0.        ,  0.        ,  0.        ,  3.44639931,  0.        ,
        0.        ,  0.        ,  0.        ,  0.        ,  0.        ,
        0.        ,  0.        ,  0.        ,  0.        ,  0.        ,
        0.        ,  0.        ,  0.        ,  0.        ,  0.        ,
        0.        ,  0.        ,  0.21511138,  0.        ,  0.        ,
        0.        ,  0.        ,  0.        ,  0.        ,  0.        ,
        0.        ,  0.        ,  0.        ,  0.        ,  0.        ,
        0.        ,  0.        ,  0.        ,  0.        ,  2.33537492,
        0.        ,  0.        ,  0.289924  ,  0.        ,  0.        ]), array([ 0.        ,  0.        ,  0.        ,  0.        ,  0.        ,
        0.        ,  0.        ,  0.        ,  2.78053326,  0.        ,
        0.        ,  0.        ,  0.        ,  0.        ,  0.        ,
        0.        ,  0.        ,  0.        ,  0.        ,  0.        ,
        0.        ,  0.        ,  0.        ,  0.        ,  0.        ,
        0.        ,  0.        ,  0.21511138,  0.        ,  0.        ,
        0.        ,  0.        ,  0.        ,  0.        ,  0.        ,
        0.        ,  0.        ,  0.        ,  0.        ,  0.        ,
        0.        ,  0.        ,  0.        ,  0.        ,  0.        ,
        0.        ,  0.        ,  0.23390886,  0.        ,  0.        ]), array([ 0.        ,  0.        ,  0.        ,  1.82454929,  0.        ,
        0.        ,  0.        ,  0.        ,  0.        ,  0.        ,
        3.95413345,  0.66139848,  0.        ,  0.        ,  0.        ,
        0.        ,  0.        ,  0.        ,  0.        ,  0.        ,
        0.        ,  0.        ,  0.        ,  4.9010465 ,  0.        ,
        2.33537492,  0.        ,  0.56131979,  0.        ,  2.33537492,
        0.        ,  0.        ,  0.        ,  0.        ,  0.        ,
        0.        ,  1.64222774,  0.        ,  0.        ,  0.        ,
        1.48807706,  0.        ,  0.        ,  0.        ,  0.        ,
        0.        ,  0.        ,  0.36049473,  0.        ,  3.08923049]), array([ 0.        ,  0.        ,  0.        ,  0.        ,  0.        ,
        0.        ,  0.        ,  0.        ,  0.        ,  0.        ,
        0.        ,  0.66139848,  0.        ,  2.04769284,  2.04769284,
        0.        ,  0.        ,  0.        ,  0.        ,  0.        ,
        0.        ,  0.        ,  0.        ,  0.        ,  0.        ,
        0.        ,  0.        ,  0.21511138,  0.        ,  0.        ,
        2.04769284,  0.        ,  0.        ,  0.        ,  0.        ,
        0.        ,  0.        ,  0.        ,  0.        ,  0.        ,
        0.        ,  0.        ,  0.        ,  0.        ,  0.        ,
        0.        ,  0.        ,  0.13815034,  0.        ,  0.        ]), array([ 0.        ,  4.88639789,  0.        ,  0.        ,  0.        ,
        0.        ,  2.33537492,  0.        ,  0.        ,  0.        ,
        0.        ,  0.        ,  0.        ,  0.        ,  0.        ,
        3.46704536,  1.82454929,  3.95413345,  0.        ,  0.        ,
        2.04769284,  2.33537492,  0.        ,  0.        ,  0.        ,
        0.        ,  5.61859288,  0.51331907,  5.57289199,  0.        ,
        3.46704536,  0.        ,  0.        ,  0.        ,  0.        ,
        0.        ,  0.        ,  2.33537492,  0.        ,  0.        ,
        4.15435321,  0.        ,  3.03442368,  0.        ,  0.        ,
        3.95413345,  0.        ,  0.32966737,  0.        ,  1.82454929]), array([ 0.        ,  0.        ,  0.        ,  0.        ,  0.        ,
        0.        ,  0.        ,  0.        ,  0.        ,  0.        ,
        0.        ,  0.        ,  0.        ,  0.        ,  0.        ,
        0.        ,  0.        ,  0.        ,  0.        ,  0.        ,
        0.        ,  0.        ,  0.        ,  0.        ,  0.        ,
        0.        ,  0.        ,  0.21511138,  0.        ,  0.        ,
        0.        ,  0.        ,  0.        ,  0.        ,  0.        ,
        0.        ,  0.        ,  0.        ,  2.33537492,  0.        ,
        0.        ,  0.        ,  0.        ,  0.        ,  0.        ,
        0.        ,  0.        ,  0.13815034,  0.        ,  0.        ]), array([ 2.04769284,  2.04769284,  2.33537492,  0.        ,  0.        ,
        0.        ,  0.        ,  3.82902157,  1.64222774,  0.        ,
        0.        ,  1.57829147,  0.        ,  0.        ,  2.04769284,
        0.        ,  1.82454929,  0.        ,  0.        ,  0.        ,
        0.        ,  0.        ,  0.        ,  0.        ,  3.95413345,
        0.        ,  3.08923049,  0.51331907,  0.        ,  0.        ,
        0.        ,  0.        ,  3.95413345,  2.33537492,  0.        ,
        2.33537492,  1.64222774,  0.        ,  0.        ,  0.        ,
        0.        ,  0.        ,  0.94908055,  0.        ,  0.        ,
        0.        ,  0.        ,  0.13815034,  2.33537492,  3.08923049]), array([ 0.        ,  0.        ,  0.        ,  0.        ,  0.        ,
        0.        ,  0.        ,  0.        ,  0.        ,  0.        ,
        0.        ,  0.        ,  0.        ,  0.        ,  0.        ,
        0.        ,  0.        ,  0.        ,  0.        ,  0.        ,
        0.        ,  0.        ,  0.        ,  0.        ,  0.        ,
        0.        ,  0.        ,  0.        ,  0.        ,  0.        ,
        0.        ,  0.        ,  0.        ,  0.        ,  0.        ,
        0.        ,  0.        ,  0.        ,  0.        ,  0.        ,
        0.        ,  0.        ,  0.        ,  0.        ,  0.        ,
        0.        ,  0.        ,  0.13815034,  0.        ,  0.        ]), array([ 0.        ,  0.        ,  0.        ,  0.        ,  0.        ,
        2.33537492,  2.33537492,  3.08923049,  0.        ,  0.        ,
        0.        ,  0.        ,  2.33537492,  3.46704536,  0.        ,
        2.04769284,  0.        ,  0.        ,  2.33537492,  0.        ,
        0.        ,  0.        ,  0.        ,  0.        ,  0.        ,
        0.        ,  0.        ,  0.36421523,  2.33537492,  0.        ,
        2.04769284,  0.        ,  0.        ,  0.        ,  0.        ,
        0.        ,  0.        ,  2.33537492,  0.        ,  2.04769284,
        0.        ,  0.        ,  0.94908055,  0.        ,  0.        ,
        0.        ,  0.        ,  0.        ,  0.        ,  0.        ]), array([ 0.        ,  0.        ,  0.        ,  1.82454929,  0.        ,
        0.        ,  0.        ,  0.        ,  0.        ,  0.        ,
        0.        ,  1.11984498,  0.        ,  0.        ,  0.        ,
        2.04769284,  0.        ,  0.        ,  0.        ,  0.        ,
        0.        ,  0.        ,  0.        ,  0.        ,  0.        ,
        0.        ,  0.        ,  0.21511138,  0.        ,  0.        ,
        4.29731336,  0.        ,  0.        ,  0.        ,  0.        ,
        0.        ,  0.        ,  3.95413345,  0.        ,  0.        ,
        0.        ,  0.        ,  1.60693307,  3.46704536,  0.        ,
        0.        ,  0.        ,  0.42542589,  0.        ,  0.        ]), array([ 0.        ,  0.        ,  0.        ,  0.        ,  0.        ,
        0.        ,  0.        ,  0.        ,  0.        ,  0.        ,
        2.33537492,  1.11984498,  0.        ,  0.        ,  0.        ,
        0.        ,  0.        ,  0.        ,  0.        ,  0.        ,
        0.        ,  0.        ,  2.33537492,  0.        ,  2.33537492,
        0.        ,  0.        ,  0.        ,  0.        ,  0.        ,
        0.        ,  0.        ,  0.        ,  0.        ,  0.        ,
        0.        ,  0.        ,  0.        ,  0.        ,  0.        ,
        0.        ,  0.        ,  0.94908055,  0.        ,  2.33537492,
        0.        ,  0.        ,  0.13815034,  0.        ,  0.        ]), array([ 2.04769284,  3.46704536,  0.        ,  0.        ,  0.        ,
        0.        ,  0.        ,  0.        ,  1.64222774,  0.        ,
        0.        ,  0.        ,  0.        ,  0.        ,  0.        ,
        0.        ,  0.        ,  0.        ,  2.33537492,  0.        ,
        2.04769284,  0.        ,  0.        ,  0.        ,  2.33537492,
        0.        ,  3.82902157,  0.51331907,  0.        ,  0.        ,
        0.        ,  0.        ,  0.        ,  0.        ,  0.        ,
        0.        ,  0.        ,  0.        ,  0.        ,  0.        ,
        0.        ,  0.        ,  1.60693307,  0.        ,  0.        ,
        2.33537492,  2.33537492,  0.13815034,  0.        ,  0.        ]), array([ 0.        ,  0.        ,  0.        ,  0.        ,  0.        ,
        0.        ,  0.        ,  0.        ,  5.05714431,  0.        ,
        0.        ,  0.        ,  0.        ,  0.        ,  2.04769284,
        0.        ,  0.        ,  0.        ,  0.        ,  3.95413345,
        0.        ,  0.        ,  0.        ,  0.        ,  0.        ,
        0.        ,  0.        ,  0.        ,  0.        ,  0.        ,
        0.        ,  0.        ,  0.        ,  0.        ,  0.        ,
        0.        ,  0.        ,  0.        ,  0.        ,  2.04769284,
        1.48807706,  0.        ,  0.        ,  0.        ,  0.        ,
        0.        ,  0.        ,  0.        ,  0.        ,  0.        ]), array([ 0.        ,  0.        ,  0.        ,  0.        ,  0.        ,
        0.        ,  0.        ,  0.        ,  0.        ,  0.        ,
        0.        ,  1.11984498,  0.        ,  0.        ,  0.        ,
        0.        ,  1.82454929,  0.        ,  0.        ,  0.        ,
        0.        ,  0.        ,  0.        ,  0.        ,  0.        ,
        0.        ,  0.        ,  0.21511138,  0.        ,  0.        ,
        0.        ,  0.        ,  0.        ,  0.        ,  0.        ,
        0.        ,  0.        ,  0.        ,  0.        ,  0.        ,
        0.        ,  2.33537492,  0.        ,  0.        ,  0.        ,
        0.        ,  2.33537492,  0.289924  ,  0.        ,  1.82454929]), array([ 0.        ,  0.        ,  0.        ,  0.        ,  2.33537492,
        0.        ,  0.        ,  0.        ,  0.        ,  2.33537492,
        0.        ,  0.        ,  2.33537492,  0.        ,  0.        ,
        0.        ,  0.        ,  0.        ,  0.        ,  0.        ,
        0.        ,  0.        ,  0.        ,  0.        ,  0.        ,
        0.        ,  0.        ,  0.36421523,  0.        ,  2.33537492,
        0.        ,  2.33537492,  0.        ,  0.        ,  2.04769284,
        0.        ,  0.        ,  0.        ,  0.        ,  0.        ,
        0.        ,  0.        ,  0.        ,  0.        ,  0.        ,
        0.        ,  0.        ,  0.13815034,  0.        ,  0.        ]), array([ 0.        ,  0.        ,  0.        ,  4.35391169,  0.        ,
        0.        ,  0.        ,  0.        ,  0.        ,  0.        ,
        2.33537492,  1.72587827,  0.        ,  0.        ,  0.        ,
        0.        ,  0.        ,  0.        ,  0.        ,  0.        ,
        0.        ,  0.        ,  2.33537492,  3.95413345,  0.        ,
        0.        ,  0.        ,  0.36421523,  0.        ,  0.        ,
        0.        ,  0.        ,  0.        ,  0.        ,  0.        ,
        0.        ,  2.78053326,  0.        ,  0.        ,  4.29731336,
        2.51953347,  0.        ,  0.        ,  0.        ,  2.33537492,
        0.        ,  2.33537492,  0.289924  ,  0.        ,  0.        ]), array([ 0.        ,  0.        ,  0.        ,  0.        ,  0.        ,
        0.        ,  0.        ,  0.        ,  0.        ,  0.        ,
        0.        ,  0.        ,  0.        ,  0.        ,  0.        ,
        0.        ,  0.        ,  0.        ,  0.        ,  0.        ,
        0.        ,  0.        ,  0.        ,  0.        ,  0.        ,
        0.        ,  0.        ,  0.21511138,  0.        ,  0.        ,
        0.        ,  0.        ,  0.        ,  0.        ,  2.04769284,
        0.        ,  0.        ,  0.        ,  0.        ,  0.        ,
        0.        ,  0.        ,  0.        ,  0.        ,  0.        ,
        0.        ,  0.        ,  0.13815034,  0.        ,  0.        ])]