[array([ 0.00288695,  0.        ,  0.        ,  0.00259846,  0.        ,
        0.        ,  0.00288695,  0.        ,  0.00288695,  0.        ,
        0.00288695,  0.        ,  0.00055662,  0.        ,  0.        ,
        0.00235455,  0.        ,  0.00214327,  0.0068753 ,  0.00288695,
        0.00064419,  0.        ]), array([ 0.        ,  0.        ,  0.        ,  0.        ,  0.        ,
        0.00095059,  0.        ,  0.        ,  0.        ,  0.        ,
        0.        ,  0.        ,  0.00027831,  0.        ,  0.        ,
        0.        ,  0.        ,  0.        ,  0.        ,  0.        ,
        0.00016105,  0.        ]), array([ 0.        ,  0.        ,  0.        ,  0.00259846,  0.00235455,
        0.00285177,  0.        ,  0.00288695,  0.        ,  0.00259846,
        0.        ,  0.00259846,  0.00083492,  0.        ,  0.        ,
        0.00235455,  0.        ,  0.        ,  0.00137506,  0.        ,
        0.00016105,  0.00259846]), array([ 0.00866084,  0.00288695,  0.        ,  0.00519692,  0.        ,
        0.00190118,  0.        ,  0.        ,  0.        ,  0.00259846,
        0.        ,  0.00519692,  0.00083492,  0.        ,  0.        ,
        0.00235455,  0.        ,  0.        ,  0.00275012,  0.        ,
        0.00048315,  0.        ]), array([ 0.        ,  0.        ,  0.        ,  0.        ,  0.        ,
        0.        ,  0.        ,  0.        ,  0.        ,  0.        ,
        0.        ,  0.        ,  0.00055662,  0.        ,  0.00866084,
        0.        ,  0.        ,  0.        ,  0.00137506,  0.        ,
        0.00016105,  0.        ]), array([ 0.        ,  0.        ,  0.        ,  0.        ,  0.        ,
        0.        ,  0.        ,  0.        ,  0.        ,  0.        ,
        0.        ,  0.        ,  0.00055662,  0.        ,  0.00577389,
        0.        ,  0.        ,  0.        ,  0.        ,  0.        ,
        0.00048315,  0.        ]), array([ 0.        ,  0.        ,  0.        ,  0.        ,  0.        ,
        0.00190118,  0.        ,  0.        ,  0.        ,  0.        ,
        0.        ,  0.        ,  0.        ,  0.        ,  0.        ,
        0.        ,  0.        ,  0.        ,  0.        ,  0.        ,
        0.00048315,  0.        ]), array([ 0.        ,  0.        ,  0.00259846,  0.        ,  0.        ,
        0.        ,  0.        ,  0.        ,  0.        ,  0.        ,
        0.        ,  0.        ,  0.00055662,  0.        ,  0.        ,
        0.        ,  0.00577389,  0.00214327,  0.        ,  0.        ,
        0.0003221 ,  0.        ]), array([ 0.,  0.,  0.,  0.,  0.,  0.,  0.,  0.,  0.,  0.,  0.,  0.,  0.,
        0.,  0.,  0.,  0.,  0.,  0.,  0.,  0.,  0.]), array([ 0.        ,  0.        ,  0.        ,  0.        ,  0.        ,
        0.00570355,  0.        ,  0.        ,  0.        ,  0.        ,
        0.        ,  0.        ,  0.00139154,  0.        ,  0.        ,
        0.        ,  0.        ,  0.        ,  0.00412518,  0.00288695,
        0.00112734,  0.        ]), array([ 0.        ,  0.        ,  0.00519692,  0.        ,  0.        ,
        0.00285177,  0.00288695,  0.        ,  0.        ,  0.        ,
        0.        ,  0.        ,  0.00055662,  0.        ,  0.        ,
        0.        ,  0.        ,  0.        ,  0.        ,  0.00288695,
        0.00144944,  0.        ]), array([ 0.        ,  0.        ,  0.        ,  0.        ,  0.        ,
        0.00095059,  0.        ,  0.        ,  0.        ,  0.        ,
        0.00288695,  0.        ,  0.        ,  0.        ,  0.        ,
        0.        ,  0.        ,  0.00214327,  0.        ,  0.        ,
        0.        ,  0.        ]), array([ 0.        ,  0.        ,  0.        ,  0.        ,  0.        ,
        0.00190118,  0.        ,  0.        ,  0.        ,  0.        ,
        0.        ,  0.        ,  0.00055662,  0.        ,  0.        ,
        0.        ,  0.        ,  0.        ,  0.        ,  0.        ,
        0.0003221 ,  0.        ]), array([ 0.        ,  0.        ,  0.        ,  0.        ,  0.        ,
        0.00475296,  0.        ,  0.        ,  0.        ,  0.        ,
        0.        ,  0.        ,  0.00027831,  0.        ,  0.        ,
        0.        ,  0.        ,  0.        ,  0.00137506,  0.        ,
        0.00080524,  0.        ]), array([ 0.        ,  0.        ,  0.        ,  0.        ,  0.00706366,
        0.        ,  0.        ,  0.        ,  0.        ,  0.        ,
        0.        ,  0.        ,  0.00027831,  0.        ,  0.        ,
        0.        ,  0.        ,  0.        ,  0.        ,  0.        ,
        0.00048315,  0.        ]), array([ 0.        ,  0.        ,  0.        ,  0.        ,  0.0047091 ,
        0.        ,  0.        ,  0.        ,  0.        ,  0.        ,
        0.        ,  0.        ,  0.00027831,  0.        ,  0.        ,
        0.        ,  0.        ,  0.        ,  0.        ,  0.        ,
        0.0003221 ,  0.        ]), array([ 0.        ,  0.        ,  0.00259846,  0.        ,  0.        ,
        0.00095059,  0.        ,  0.        ,  0.        ,  0.        ,
        0.        ,  0.        ,  0.00139154,  0.        ,  0.        ,
        0.00235455,  0.        ,  0.00214327,  0.        ,  0.        ,
        0.00080524,  0.00519692]), array([ 0.        ,  0.        ,  0.        ,  0.        ,  0.        ,
        0.00095059,  0.00288695,  0.00288695,  0.        ,  0.        ,
        0.        ,  0.        ,  0.00027831,  0.00288695,  0.        ,
        0.        ,  0.        ,  0.        ,  0.        ,  0.        ,
        0.00016105,  0.        ]), array([ 0.        ,  0.01154778,  0.        ,  0.        ,  0.        ,
        0.        ,  0.        ,  0.        ,  0.00577389,  0.00259846,
        0.00288695,  0.02078769,  0.00111323,  0.00577389,  0.        ,
        0.        ,  0.        ,  0.01285961,  0.01237554,  0.        ,
        0.00064419,  0.00259846]), array([ 0.        ,  0.        ,  0.        ,  0.        ,  0.        ,
        0.        ,  0.        ,  0.        ,  0.        ,  0.        ,
        0.        ,  0.        ,  0.00027831,  0.        ,  0.        ,
        0.        ,  0.        ,  0.        ,  0.        ,  0.        ,
        0.00016105,  0.        ]), array([ 0.00288695,  0.00288695,  0.        ,  0.00779538,  0.00235455,
        0.00380237,  0.        ,  0.00288695,  0.        ,  0.00259846,
        0.        ,  0.00519692,  0.00111323,  0.        ,  0.        ,
        0.00235455,  0.        ,  0.        ,  0.00137506,  0.        ,
        0.00016105,  0.00519692]), array([ 0.        ,  0.        ,  0.        ,  0.        ,  0.        ,
        0.        ,  0.        ,  0.        ,  0.        ,  0.        ,
        0.        ,  0.        ,  0.        ,  0.        ,  0.        ,
        0.        ,  0.        ,  0.        ,  0.        ,  0.        ,
        0.00016105,  0.        ]), array([ 0.        ,  0.        ,  0.        ,  0.00519692,  0.        ,
        0.        ,  0.00577389,  0.        ,  0.00288695,  0.        ,
        0.        ,  0.        ,  0.00055662,  0.00288695,  0.        ,
        0.        ,  0.00288695,  0.        ,  0.00137506,  0.        ,
        0.        ,  0.        ]), array([ 0.        ,  0.        ,  0.00259846,  0.        ,  0.        ,
        0.00190118,  0.        ,  0.        ,  0.00288695,  0.        ,
        0.        ,  0.        ,  0.00027831,  0.00866084,  0.        ,
        0.        ,  0.        ,  0.        ,  0.00275012,  0.00577389,
        0.00128839,  0.        ]), array([ 0.        ,  0.        ,  0.        ,  0.        ,  0.        ,
        0.00190118,  0.        ,  0.        ,  0.        ,  0.        ,
        0.        ,  0.        ,  0.        ,  0.        ,  0.        ,
        0.        ,  0.        ,  0.        ,  0.00137506,  0.        ,
        0.00016105,  0.        ]), array([ 0.00288695,  0.00577389,  0.        ,  0.        ,  0.00235455,
        0.        ,  0.        ,  0.        ,  0.        ,  0.        ,
        0.00288695,  0.00779538,  0.00111323,  0.        ,  0.        ,
        0.        ,  0.        ,  0.        ,  0.00275012,  0.        ,
        0.00016105,  0.        ]), array([ 0.        ,  0.        ,  0.        ,  0.        ,  0.01883642,
        0.        ,  0.        ,  0.00288695,  0.        ,  0.        ,
        0.        ,  0.        ,  0.        ,  0.        ,  0.        ,
        0.        ,  0.00288695,  0.00214327,  0.        ,  0.        ,
        0.        ,  0.        ]), array([ 0.        ,  0.        ,  0.        ,  0.        ,  0.        ,
        0.00190118,  0.        ,  0.        ,  0.        ,  0.00259846,
        0.        ,  0.        ,  0.00027831,  0.        ,  0.        ,
        0.        ,  0.        ,  0.        ,  0.        ,  0.        ,
        0.00048315,  0.00259846]), array([ 0.        ,  0.        ,  0.        ,  0.        ,  0.        ,
        0.        ,  0.        ,  0.        ,  0.        ,  0.        ,
        0.        ,  0.        ,  0.00055662,  0.        ,  0.00288695,
        0.        ,  0.        ,  0.        ,  0.        ,  0.        ,
        0.00016105,  0.        ]), array([ 0.        ,  0.        ,  0.01039385,  0.        ,  0.        ,
        0.00475296,  0.        ,  0.        ,  0.        ,  0.        ,
        0.        ,  0.        ,  0.00055662,  0.        ,  0.        ,
        0.0047091 ,  0.00866084,  0.00428654,  0.        ,  0.        ,
        0.00048315,  0.        ]), array([ 0.        ,  0.        ,  0.        ,  0.        ,  0.        ,
        0.        ,  0.        ,  0.        ,  0.        ,  0.        ,
        0.        ,  0.        ,  0.00027831,  0.        ,  0.00288695,
        0.        ,  0.        ,  0.        ,  0.        ,  0.        ,
        0.00016105,  0.        ])]